100
3
1144
592432
5388168
1862603
9999991
2610613
1507483
3023326
1221469
9999995
6735763
5094841
8763892
5001361
8697851
8291470
1403870
6537523
10000000
6865010
3910981
7
9999162
9999161
4046177
9999973
3702389
13
9999929
1481717
86293
4461642
9325574
3929879
3949061
3191803
4170220
3323191
5
8460583
9999931
3132736
10
928009
9999999
140839
6
4572049
5103067
2
6704676
4461643
2044523
3877633
4936439
3855409
9682616
7742461
9999972
8248729
9999997
9999971
9999930
1264969
8184167
9
390548
9999163
9971849
12
8
1281246
9999996
7783893
6716541
5462959
9299449
2196613
9309119
5331653
1750607
7762723
7203246
1
9987391
8603593
4751053
11
615403
3410821
4
9999998
6697461
2360890
9010879
4461641
7551991
6987083
4125389
